image 1's histogram: 
0 0 0 0 0 0 144 16 0 0 0 0 
1 0 0 0 0 0 446 53 0 0 0 0 
2 0 0 0 0 0 269 69 0 0 0 0 
3 0 0 0 0 0 276 41 0 0 0 0 
4 0 0 0 0 0 0 0 0 0 0 0 
5 0 0 0 0 0 0 0 0 0 0 0 
6 0 0 0 0 0 0 0 0 0 0 0 
7 0 0 0 0 0 0 0 0 0 0 0 
8 0 0 0 0 0 0 0 0 0 0 0 
9 0 0 0 0 0 0 0 0 0 0 0 
10 0 0 0 0 0 0 0 0 0 0 0 
11 0 0 0 0 0 0 0 0 0 0 0 
12 0 0 0 0 0 0 0 0 0 0 0 
13 0 0 0 0 0 0 0 0 0 0 0 
14 0 0 0 0 0 0 0 0 0 0 0 
15 0 0 0 0 0 0 0 0 0 0 0 
16 0 0 0 0 0 0 0 0 0 0 0 
17 0 0 0 0 0 0 0 0 0 0 0 
18 0 0 0 0 0 0 0 0 0 0 0 
19 0 0 0 0 0 1135 179 0 0 0 0 

image 2's histogram: 
0 0 0 0 0 0 249 92 0 0 0 0 
1 0 0 0 0 0 40 319 0 0 0 0 
2 0 0 0 0 0 233 112 0 0 0 0 
3 0 0 0 0 0 130 8 0 0 0 0 
4 0 0 0 0 0 0 0 0 0 0 0 
5 0 0 0 0 0 0 0 0 0 0 0 
6 0 0 0 0 0 0 0 0 0 0 0 
7 0 0 0 0 0 0 0 0 0 0 0 
8 0 0 0 0 0 652 531 0 0 0 0 

